0
303.15 303.15 303.15 303.15 303.15 303.15 303.15 303.15 303.15 303.15 303.15 303.15 303.15 303.15 303.15 303.15 
303.15 303.15 303.15 303.15 303.15 303.15 303.15 303.15 303.15 303.15 303.15 303.15 303.15 303.15 303.15 303.15 
303.15 303.15 303.15 303.15 303.15 303.15 303.15 303.15 303.15 303.15 303.15 303.15 303.15 303.15 303.15 303.15 
303.15 303.15 303.15 303.15 303.15 303.15 303.15 303.15 303.15 303.15 303.15 303.15 303.15 303.15 303.15 303.15 
303.15 303.15 303.15 303.15 303.15 303.15 303.15 303.15 303.15 303.15 303.15 303.15 303.15 303.15 303.15 303.15 
303.15 303.15 303.15 303.15 303.15 303.15 303.15 303.15 303.15 303.15 303.15 303.15 303.15 303.15 303.15 303.15 
303.15 303.15 303.15 303.15 303.15 303.15 303.15 303.15 303.15 303.15 303.15 303.15 303.15 303.15 303.15 303.15 
303.15 303.15 303.15 303.15 303.15 303.15 303.15 303.15 303.15 303.15 303.15 303.15 303.15 303.15 303.15 303.15 
303.15 303.15 303.15 303.15 303.15 303.15 303.15 303.15 
303.15 303.15 303.15 303.15 303.15 303.15 303.15 303.15 
303.15 303.15 303.15 303.15 303.15 303.15 303.15 303.15 
303.15 303.15 303.15 303.15 303.15 303.15 303.15 303.15 

0.2
293.15 293.15 293.15 293.15 293.15 293.15 293.15 293.15 293.15 293.15 293.15 293.15 293.15 293.15 293.15 293.15 
293.15 299.701 300.861 301.071 301.11 301.118 301.12 301.121 301.122 301.123 301.123 301.123 301.123 301.123 301.123 301.123 
293.15 300.861 302.372 302.667 302.725 302.739 302.746 302.754 302.759 302.761 302.761 302.761 302.761 302.761 302.761 302.761 
293.15 301.071 302.667 302.988 303.056 303.081 303.111 303.153 303.175 303.182 303.185 303.185 303.185 303.185 303.185 303.185 
293.15 301.11 302.725 303.056 303.139 303.205 303.344 303.583 303.682 303.711 303.718 303.72 303.72 303.72 303.72 303.72 
293.15 301.118 302.739 303.081 303.205 303.427 304.082 305.506 305.919 306.012 306.032 306.035 306.036 306.036 306.036 306.036 
293.15 301.12 302.746 303.111 303.344 304.082 306.963 315.802 317.13 317.334 317.366 317.371 317.372 317.372 317.372 317.372 
293.15 301.121 302.754 303.153 303.583 305.506 315.802 373.15 373.15 373.15 373.15 373.15 373.15 373.15 373.15 373.15 
293.15 301.122 302.759 303.175 303.682 305.919 317.13 373.15 
293.15 301.123 302.76 303.182 303.71 306.012 317.333 373.15 
293.15 301.123 302.761 303.184 303.717 306.031 317.365 373.15 
293.15 301.123 302.761 303.184 303.717 306.031 317.365 373.15 

0.4
293.15 293.15 293.15 293.15 293.15 293.15 293.15 293.15 293.15 293.15 293.15 293.15 293.15 293.15 293.15 293.15 
293.15 297.733 299.243 299.646 299.745 299.771 299.781 299.788 299.792 299.795 299.795 299.796 299.796 299.796 299.796 299.796 
293.15 299.243 301.387 301.992 302.151 302.201 302.232 302.262 302.281 302.29 302.293 302.294 302.295 302.295 302.295 302.295 
293.15 299.646 301.992 302.676 302.873 302.967 303.076 303.212 303.289 303.32 303.331 303.334 303.334 303.335 303.335 303.335 
293.15 299.745 302.151 302.873 303.126 303.358 303.782 304.403 304.7 304.802 304.831 304.839 304.841 304.841 304.841 304.841 
293.15 299.771 302.201 302.967 303.358 304.034 305.66 308.478 309.49 309.766 309.833 309.848 309.851 309.852 309.852 309.852 
293.15 299.781 302.232 303.076 303.782 305.66 311.28 323.644 326.173 326.67 326.765 326.784 326.787 326.788 326.788 326.788 
293.15 299.788 302.262 303.212 304.402 308.478 323.644 373.15 373.15 373.15 373.15 373.15 373.15 373.15 373.15 373.15 
293.15 299.792 302.281 303.289 304.7 309.489 326.173 373.15 
293.15 299.795 302.29 303.32 304.801 309.765 326.669 373.15 
293.15 299.795 302.293 303.329 304.829 309.829 326.761 373.15 
293.15 299.795 302.293 303.329 304.829 309.829 326.761 373.15 

0.6
293.15 293.15 293.15 293.15 293.15 293.15 293.15 293.15 293.15 293.15 293.15 293.15 293.15 293.15 293.15 293.15 
293.15 296.547 298.09 298.625 298.79 298.843 298.868 298.887 298.899 298.905 298.908 298.909 298.909 298.909 298.909 298.909 
293.15 298.09 300.431 301.279 301.557 301.665 301.741 301.813 301.86 301.883 301.892 301.895 301.896 301.897 301.897 301.897 
293.15 298.625 301.279 302.273 302.636 302.846 303.085 303.359 303.527 303.602 303.629 303.638 303.64 303.641 303.641 303.641 
293.15 298.79 301.557 302.636 303.127 303.619 304.424 305.474 306.032 306.247 306.316 306.336 306.342 306.343 306.344 306.344 
293.15 298.843 301.665 302.846 303.619 304.898 307.524 311.43 313.045 313.553 313.693 313.729 313.738 313.74 313.74 313.74 
293.15 298.868 301.741 303.085 304.424 307.524 315.172 328.9 332.273 333.061 333.238 333.278 333.286 333.288 333.288 333.288 
293.15 298.887 301.813 303.359 305.474 311.429 328.9 373.15 373.15 373.15 373.15 373.15 373.15 373.15 373.15 373.15 
293.15 298.899 301.86 303.527 306.032 313.044 332.273 373.15 
293.15 298.905 301.882 303.601 306.245 313.55 333.058 373.15 
293.15 298.907 301.89 303.625 306.309 313.682 333.228 373.15 
293.15 298.907 301.89 303.625 306.309 313.682 333.228 373.15 

0.8
293.15 293.15 293.15 293.15 293.15 293.15 293.15 293.15 293.15 293.15 293.15 293.15 293.15 293.15 293.15 293.15 
293.15 295.791 297.253 297.867 298.094 298.182 298.231 298.268 298.292 298.306 298.312 298.315 298.316 298.316 298.316 298.316 
293.15 297.253 299.587 300.601 301.001 301.189 301.331 301.463 301.552 301.598 301.619 301.626 301.629 301.63 301.63 301.63 
293.15 297.867 300.601 301.835 302.383 302.752 303.163 303.606 303.892 304.028 304.083 304.102 304.108 304.11 304.11 304.11 
293.15 298.094 301.001 302.383 303.157 303.977 305.204 306.678 307.52 307.875 308.001 308.041 308.052 308.056 308.056 308.056 
293.15 298.182 301.189 302.752 303.977 305.914 309.438 314.143 316.285 317.037 317.268 317.333 317.351 317.355 317.356 317.356 
293.15 298.231 301.331 303.163 305.204 309.438 318.469 332.651 336.568 337.606 337.871 337.937 337.953 337.957 337.957 337.957 
293.15 298.268 301.463 303.606 306.678 314.143 332.651 373.15 373.15 373.15 373.15 373.15 373.15 373.15 373.15 373.15 
293.15 298.292 301.552 303.891 307.519 316.284 336.567 373.15 
293.15 298.306 301.597 304.026 307.87 317.031 337.601 373.15 
293.15 298.311 301.615 304.074 307.984 317.244 337.85 373.15 
293.15 298.311 301.615 304.074 307.984 317.244 337.85 373.15 

1
293.15 293.15 293.15 293.15 293.15 293.15 293.15 293.15 293.15 293.15 293.15 293.15 293.15 293.15 293.15 293.15 
293.15 295.286 296.633 297.289 297.571 297.7 297.781 297.843 297.887 297.911 297.924 297.929 297.931 297.931 297.932 297.932 
293.15 296.633 298.872 299.994 300.51 300.793 301.021 301.229 301.373 301.453 301.489 301.504 301.509 301.511 301.512 301.512 
293.15 297.289 299.994 301.405 302.146 302.703 303.314 303.945 304.367 304.581 304.672 304.707 304.718 304.722 304.723 304.723 
293.15 297.571 300.51 302.146 303.225 304.409 306.062 307.928 309.051 309.56 309.755 309.822 309.843 309.85 309.851 309.851 
293.15 297.7 300.793 302.703 304.409 306.996 311.275 316.561 319.135 320.118 320.448 320.55 320.579 320.588 320.59 320.59 
293.15 297.781 301.021 303.314 306.062 311.274 321.22 335.464 339.716 340.955 341.305 341.401 341.427 341.434 341.435 341.435 
293.15 297.843 301.228 303.944 307.927 316.561 335.464 373.15 373.15 373.15 373.15 373.15 373.15 373.15 373.15 373.15 
293.15 297.886 301.372 304.365 309.049 319.132 339.714 373.15 
293.15 297.91 301.45 304.576 309.551 320.106 340.946 373.15 
293.15 297.921 301.481 304.655 309.725 320.407 341.271 373.15 
293.15 297.921 301.481 304.655 309.725 320.407 341.271 373.15 

1.2
293.15 293.15 293.15 293.15 293.15 293.15 293.15 293.15 293.15 293.15 293.15 293.15 293.15 293.15 293.15 293.15 
293.15 294.933 296.166 296.839 297.17 297.344 297.464 297.559 297.627 297.667 297.687 297.696 297.7 297.702 297.702 297.702 
293.15 296.166 298.279 299.467 300.092 300.482 300.811 301.107 301.318 301.439 301.498 301.523 301.532 301.536 301.537 301.537 
293.15 296.839 299.467 301.013 301.944 302.709 303.535 304.36 304.928 305.231 305.368 305.422 305.442 305.449 305.451 305.451 
293.15 297.17 300.092 301.944 303.333 304.892 306.95 309.169 310.556 311.221 311.494 311.594 311.628 311.639 311.642 311.642 
293.15 297.344 300.482 302.709 304.892 308.085 312.979 318.69 321.607 322.797 323.227 323.371 323.416 323.429 323.433 323.433 
293.15 297.464 300.811 303.535 306.95 312.979 323.52 337.656 342.11 343.505 343.933 344.06 344.097 344.108 344.11 344.11 
293.15 297.559 301.107 304.359 309.168 318.688 337.655 373.15 373.15 373.15 373.15 373.15 373.15 373.15 373.15 373.15 
293.15 297.626 301.316 304.925 310.551 321.602 342.106 373.15 
293.15 297.665 301.434 305.221 311.206 322.778 343.491 373.15 
293.15 297.681 301.483 305.338 311.444 323.163 343.882 373.15 
293.15 297.681 301.483 305.338 311.444 323.163 343.882 373.15 

1.4
293.15 293.15 293.15 293.15 293.15 293.15 293.15 293.15 293.15 293.15 293.15 293.15 293.15 293.15 293.15 293.15 
293.15 294.678 295.807 296.486 296.859 297.082 297.246 297.38 297.477 297.536 297.567 297.582 297.588 297.591 297.592 297.592 
293.15 295.807 297.794 299.023 299.749 300.252 300.693 301.086 301.372 301.541 301.627 301.665 301.681 301.687 301.689 301.689 
293.15 296.486 299.023 300.672 301.789 302.769 303.815 304.835 305.551 305.95 306.138 306.218 306.249 306.259 306.263 306.263 
293.15 296.859 299.749 301.789 303.482 305.406 307.838 310.369 311.995 312.813 313.167 313.305 313.355 313.372 313.377 313.377 
293.15 297.082 300.252 302.769 305.406 309.143 314.534 320.557 323.744 325.114 325.641 325.829 325.891 325.911 325.917 325.917 
293.15 297.246 300.692 303.814 307.837 314.534 325.459 339.414 343.986 345.502 345.999 346.158 346.207 346.222 346.226 346.226 
293.15 297.379 301.085 304.833 310.366 320.554 339.412 373.15 373.15 373.15 373.15 373.15 373.15 373.15 373.15 373.15 
293.15 297.475 301.369 305.545 311.987 323.735 343.98 373.15 
293.15 297.532 301.532 305.933 312.788 325.086 345.481 373.15 
293.15 297.557 301.602 306.091 313.093 325.55 345.928 373.15 
293.15 297.557 301.602 306.091 313.093 325.55 345.928 373.15 

1.6
293.15 293.15 293.15 293.15 293.15 293.15 293.15 293.15 293.15 293.15 293.15 293.15 293.15 293.15 293.15 293.15 
293.15 294.488 295.529 296.206 296.619 296.891 297.105 297.281 297.411 297.493 297.538 297.56 297.569 297.573 297.575 297.575 
293.15 295.529 297.4 298.655 299.477 300.097 300.654 301.15 301.516 301.739 301.857 301.912 301.935 301.944 301.947 301.947 
293.15 296.206 298.655 300.39 301.685 302.879 304.142 305.351 306.214 306.711 306.956 307.064 307.108 307.125 307.13 307.13 
293.15 296.619 299.477 301.685 303.666 305.936 308.705 311.509 313.349 314.311 314.748 314.927 314.995 315.019 315.027 315.027 
293.15 296.891 300.097 302.879 305.936 310.151 315.941 322.196 325.595 327.12 327.737 327.969 328.052 328.079 328.087 328.087 
293.15 297.104 300.653 304.141 308.703 315.94 327.11 340.859 345.497 347.105 347.662 347.851 347.913 347.933 347.939 347.939 
293.15 297.28 301.148 305.348 311.505 322.192 340.857 373.15 373.15 373.15 373.15 373.15 373.15 373.15 373.15 373.15 
293.15 297.409 301.511 306.205 313.337 325.581 345.488 373.15 
293.15 297.487 301.725 306.685 314.275 327.079 347.076 373.15 
293.15 297.522 301.819 306.887 314.643 327.614 347.57 373.15 
293.15 297.522 301.819 306.887 314.643 327.614 347.57 373.15 

1.8
293.15 293.15 293.15 293.15 293.15 293.15 293.15 293.15 293.15 293.15 293.15 293.15 293.15 293.15 293.15 293.15 
293.15 294.343 295.311 295.986 296.435 296.758 297.023 297.245 297.411 297.519 297.579 297.609 297.623 297.629 297.631 297.631 
293.15 295.311 297.082 298.358 299.269 300.006 300.682 301.284 301.732 302.013 302.166 302.24 302.273 302.286 302.29 302.29 
293.15 295.986 298.358 300.168 301.63 303.033 304.504 305.893 306.898 307.493 307.798 307.938 307.997 308.02 308.028 308.028 
293.15 296.435 299.269 301.63 303.882 306.471 309.54 312.582 314.612 315.707 316.225 316.447 316.535 316.568 316.579 316.579 
293.15 296.758 300.006 303.032 306.47 311.099 317.21 323.639 327.205 328.862 329.562 329.839 329.942 329.978 329.989 329.989 
293.15 297.022 300.681 304.502 309.538 317.209 328.529 342.069 346.74 348.419 349.027 349.245 349.321 349.347 349.354 349.354 
293.15 297.244 301.281 305.889 312.576 323.633 342.065 373.15 373.15 373.15 373.15 373.15 373.15 373.15 373.15 373.15 
293.15 297.408 301.724 306.885 314.594 327.186 346.727 373.15 
293.15 297.509 301.992 307.456 315.656 328.807 348.38 373.15 
293.15 297.555 302.112 307.702 316.085 329.404 348.913 373.15 
293.15 297.555 302.112 307.702 316.085 329.404 348.913 373.15 

2
293.15 293.15 293.15 293.15 293.15 293.15 293.15 293.15 293.15 293.15 293.15 293.15 293.15 293.15 293.15 293.15 
293.15 294.232 295.14 295.813 296.296 296.67 296.988 297.258 297.462 297.597 297.675 297.715 297.734 297.742 297.745 297.745 
293.15 295.14 296.83 298.124 299.12 299.972 300.766 301.472 302.005 302.345 302.535 302.631 302.674 302.693 302.699 302.699 
293.15 295.813 298.124 300.003 301.623 303.223 304.891 306.45 307.589 308.28 308.645 308.82 308.896 308.927 308.937 308.937 
293.15 296.296 299.12 301.623 304.123 307.002 310.336 313.587 315.783 317 317.596 317.861 317.971 318.014 318.028 318.028 
293.15 296.67 299.971 303.222 307.001 311.986 318.355 324.916 328.615 330.384 331.159 331.478 331.602 331.648 331.663 331.663 
293.15 296.987 300.764 304.889 310.334 318.353 329.762 343.098 347.781 349.514 350.168 350.412 350.502 350.534 350.543 350.543 
293.15 297.256 301.468 306.443 313.578 324.908 343.093 373.15 373.15 373.15 373.15 373.15 373.15 373.15 373.15 373.15 
293.15 297.457 301.993 307.57 315.758 328.589 347.764 373.15 
293.15 297.583 302.315 308.23 316.932 330.312 349.466 373.15 
293.15 297.642 302.461 308.519 317.417 330.963 350.029 373.15 
293.15 297.642 302.461 308.519 317.417 330.963 350.029 373.15 

2.2
293.15 293.15 293.15 293.15 293.15 293.15 293.15 293.15 293.15 293.15 293.15 293.15 293.15 293.15 293.15 293.15 
293.15 294.145 295.006 295.679 296.196 296.62 296.991 297.309 297.553 297.716 297.812 297.863 297.888 297.899 297.903 297.903 
293.15 295.006 296.631 297.945 299.022 299.985 300.893 301.703 302.318 302.719 302.948 303.067 303.123 303.147 303.156 303.156 
293.15 295.679 297.945 299.89 301.658 303.443 305.295 307.011 308.277 309.06 309.485 309.695 309.79 309.829 309.843 309.843 
293.15 296.196 299.022 301.658 304.386 307.525 311.093 314.523 316.866 318.194 318.863 319.172 319.305 319.359 319.377 319.377 
293.15 296.619 299.984 303.442 307.524 312.811 319.391 326.052 329.856 331.72 332.563 332.923 333.069 333.125 333.144 333.144 
293.15 296.99 300.891 305.291 311.089 319.387 330.842 343.985 348.667 350.443 351.135 351.404 351.507 351.545 351.557 351.557 
293.15 297.306 301.696 307.001 314.512 326.04 343.978 373.15 373.15 373.15 373.15 373.15 373.15 373.15 373.15 373.15 
293.15 297.545 302.301 308.251 316.833 329.823 348.645 373.15 
293.15 297.696 302.677 308.993 318.107 331.63 350.383 373.15 
293.15 297.768 302.85 309.324 318.643 332.327 350.972 373.15 
293.15 297.768 302.85 309.324 318.643 332.327 350.972 373.15 

2.4
293.15 293.15 293.15 293.15 293.15 293.15 293.15 293.15 293.15 293.15 293.15 293.15 293.15 293.15 293.15 293.15 
293.15 294.078 294.902 295.578 296.128 296.6 297.023 297.39 297.672 297.864 297.98 298.044 298.075 298.09 298.095 298.095 
293.15 294.902 296.478 297.814 298.969 300.037 301.056 301.964 302.66 303.12 303.39 303.533 303.603 303.633 303.645 303.645 
293.15 295.578 297.814 299.824 301.73 303.687 305.708 307.569 308.952 309.823 310.308 310.553 310.668 310.717 310.735 310.735 
293.15 296.127 298.969 301.73 304.665 308.036 311.808 315.396 317.868 319.296 320.034 320.385 320.542 320.607 320.63 320.63 
293.15 296.599 300.036 303.686 308.034 313.58 320.329 327.067 330.957 332.901 333.805 334.204 334.372 334.438 334.461 334.461 
293.15 297.022 301.053 305.703 311.803 320.325 331.795 344.757 349.43 351.239 351.964 352.257 352.373 352.417 352.432 352.432 
293.15 297.385 301.955 307.556 315.38 327.052 344.748 373.15 373.15 373.15 373.15 373.15 373.15 373.15 373.15 373.15 
293.15 297.662 302.638 308.918 317.825 330.915 349.403 373.15 
293.15 297.839 303.066 309.738 319.187 332.792 351.167 373.15 
293.15 297.923 303.266 310.108 319.768 333.528 351.777 373.15 
293.15 297.923 303.266 310.108 319.768 333.528 351.777 373.15 

2.6
293.15 293.15 293.15 293.15 293.15 293.15 293.15 293.15 293.15 293.15 293.15 293.15 293.15 293.15 293.15 293.15 
293.15 294.027 294.823 295.504 296.086 296.605 297.079 297.493 297.814 298.035 298.171 298.247 298.286 298.304 298.311 298.311 
293.15 294.823 296.363 297.725 298.954 300.122 301.245 302.248 303.021 303.54 303.85 304.018 304.102 304.14 304.154 304.154 
293.15 295.504 297.725 299.798 301.833 303.949 306.124 308.118 309.61 310.563 311.105 311.387 311.522 311.582 311.604 311.604 
293.15 296.085 298.953 301.833 304.955 308.533 312.484 316.209 318.794 320.312 321.115 321.507 321.687 321.764 321.792 321.792 
293.15 296.604 300.12 303.947 308.531 314.297 321.183 327.979 331.938 333.952 334.911 335.346 335.534 335.612 335.639 335.639 
293.15 297.077 301.241 306.117 312.477 321.178 332.643 345.436 350.094 351.93 352.685 352.998 353.126 353.177 353.194 353.194 
293.15 297.487 302.236 308.101 316.188 327.96 345.425 373.15 373.15 373.15 373.15 373.15 373.15 373.15 373.15 373.15 
293.15 297.8 302.992 309.566 318.74 331.887 350.062 373.15 
293.15 298.002 303.471 310.458 320.18 333.821 351.846 373.15 
293.15 298.099 303.696 310.864 320.802 334.591 352.472 373.15 
293.15 298.099 303.696 310.864 320.802 334.591 352.472 373.15 

2.8
293.15 293.15 293.15 293.15 293.15 293.15 293.15 293.15 293.15 293.15 293.15 293.15 293.15 293.15 293.15 293.15 
293.15 293.988 294.764 295.453 296.066 296.631 297.154 297.612 297.971 298.221 298.378 298.467 298.513 298.535 298.544 298.544 
293.15 294.764 296.281 297.67 298.97 300.233 301.455 302.546 303.393 303.968 304.317 304.511 304.61 304.656 304.674 304.674 
293.15 295.452 297.67 299.809 301.963 304.223 306.539 308.655 310.247 311.277 311.874 312.191 312.347 312.418 312.445 312.445 
293.15 296.066 298.969 301.962 305.254 309.015 313.122 316.966 319.651 321.25 322.112 322.544 322.748 322.837 322.87 322.87 
293.15 296.63 300.231 304.22 309.012 314.965 321.964 328.803 332.818 334.892 335.899 336.368 336.577 336.666 336.698 336.698 
293.15 297.151 301.448 306.531 313.113 321.957 333.402 346.038 350.679 352.536 353.315 353.648 353.788 353.845 353.865 353.865 
293.15 297.604 302.53 308.633 316.94 328.779 346.025 373.15 373.15 373.15 373.15 373.15 373.15 373.15 373.15 373.15 
293.15 297.953 303.355 310.192 319.585 332.757 350.641 373.15 
293.15 298.18 303.883 311.149 321.093 334.739 352.439 373.15 
293.15 298.289 304.133 311.589 321.751 335.537 353.078 373.15 
293.15 298.289 304.133 311.589 321.751 335.537 353.078 373.15 

3
293.15 293.15 293.15 293.15 293.15 293.15 293.15 293.15 293.15 293.15 293.15 293.15 293.15 293.15 293.15 293.15 
293.15 293.959 294.722 295.421 296.065 296.673 297.242 297.743 298.139 298.417 298.593 298.696 298.75 298.777 298.787 298.787 
293.15 294.722 296.227 297.646 299.014 300.365 301.678 302.852 303.768 304.397 304.786 305.005 305.119 305.174 305.195 305.195 
293.15 295.42 297.646 299.848 302.114 304.506 306.95 309.176 310.859 311.961 312.61 312.962 313.139 313.222 313.254 313.254 
293.15 296.064 299.013 302.113 305.559 309.481 313.725 317.672 320.445 322.117 323.035 323.504 323.731 323.832 323.871 323.871 
293.15 296.671 300.362 304.502 309.477 315.589 322.679 329.551 333.612 335.737 336.789 337.289 337.518 337.617 337.654 337.654 
293.15 297.238 301.67 306.939 313.713 322.67 334.087 346.576 351.197 353.071 353.873 354.222 354.374 354.438 354.46 354.46 
293.15 297.733 302.832 309.148 317.64 329.522 346.56 373.15 373.15 373.15 373.15 373.15 373.15 373.15 373.15 373.15 
293.15 298.116 303.722 310.792 320.366 333.539 351.153 373.15 
293.15 298.366 304.294 311.809 321.933 335.562 352.961 373.15 
293.15 298.488 304.568 312.28 322.623 336.383 353.61 373.15 
293.15 298.488 304.568 312.28 322.623 336.383 353.61 373.15 

3.2
293.15 293.15 293.15 293.15 293.15 293.15 293.15 293.15 293.15 293.15 293.15 293.15 293.15 293.15 293.15 293.15 
293.15 293.938 294.694 295.405 296.079 296.728 297.341 297.882 298.313 298.618 298.814 298.93 298.992 299.023 299.036 299.036 
293.15 294.694 296.195 297.647 299.079 300.512 301.911 303.162 304.143 304.823 305.249 305.493 305.623 305.687 305.712 305.712 
293.15 295.405 297.647 299.913 302.282 304.794 307.354 309.68 311.446 312.615 313.313 313.699 313.897 313.991 314.028 314.028 
293.15 296.079 299.078 302.28 305.865 309.93 314.294 318.332 321.182 322.92 323.888 324.393 324.642 324.756 324.8 324.8 
293.15 296.726 300.508 304.789 309.926 316.174 323.337 330.232 334.332 336.501 337.592 338.122 338.37 338.48 338.521 338.521 
293.15 297.335 301.9 307.34 314.279 323.327 334.707 347.06 351.66 353.548 354.369 354.734 354.897 354.966 354.992 354.992 
293.15 297.87 303.137 309.646 318.293 330.198 347.04 373.15 373.15 373.15 373.15 373.15 373.15 373.15 373.15 373.15 
293.15 298.284 304.087 311.366 321.089 334.247 351.609 373.15 
293.15 298.557 304.702 312.437 322.708 336.302 353.424 373.15 
293.15 298.69 304.996 312.936 323.426 337.144 354.082 373.15 
293.15 298.69 304.996 312.936 323.426 337.144 354.082 373.15 

3.4
293.15 293.15 293.15 293.15 293.15 293.15 293.15 293.15 293.15 293.15 293.15 293.15 293.15 293.15 293.15 293.15 
293.15 293.924 294.678 295.403 296.106 296.793 297.447 298.027 298.49 298.821 299.036 299.165 299.236 299.272 299.286 299.286 
293.15 294.678 296.183 297.669 299.162 300.672 302.149 303.472 304.513 305.242 305.703 305.972 306.118 306.19 306.219 306.219 
293.15 295.402 297.669 299.999 302.463 305.085 307.749 310.165 312.007 313.237 313.982 314.4 314.619 314.724 314.766 314.766 
293.15 296.105 299.161 302.461 306.172 310.364 314.832 318.948 321.866 323.663 324.678 325.217 325.488 325.615 325.664 325.664 
293.15 296.79 300.667 305.079 310.359 316.722 323.945 330.857 334.987 337.195 338.321 338.878 339.144 339.264 339.31 339.31 
293.15 297.44 302.136 307.732 314.814 323.933 335.271 347.497 352.077 353.975 354.813 355.193 355.366 355.441 355.47 355.47 
293.15 298.011 303.442 310.124 318.902 330.817 347.475 373.15 373.15 373.15 373.15 373.15 373.15 373.15 373.15 373.15 
293.15 298.456 304.447 311.913 321.759 334.889 352.018 373.15 
293.15 298.75 305.1 313.033 323.424 336.972 353.837 373.15 
293.15 298.893 305.415 313.558 324.167 337.831 354.502 373.15 
293.15 298.893 305.415 313.558 324.167 337.831 354.502 373.15 

3.6
293.15 293.15 293.15 293.15 293.15 293.15 293.15 293.15 293.15 293.15 293.15 293.15 293.15 293.15 293.15 293.15 
293.15 293.917 294.671 295.411 296.143 296.866 297.558 298.174 298.667 299.023 299.257 299.398 299.478 299.518 299.535 299.535 
293.15 294.671 296.187 297.709 299.26 300.841 302.39 303.778 304.876 305.65 306.145 306.438 306.599 306.68 306.713 306.713 
293.15 295.411 297.708 300.101 302.654 305.376 308.134 310.631 312.542 313.829 314.617 315.065 315.304 315.422 315.469 315.469 
293.15 296.142 299.258 302.652 306.477 310.781 315.34 319.525 322.504 324.354 325.412 325.982 326.274 326.413 326.467 326.467 
293.15 296.863 300.835 305.368 310.775 317.237 324.509 331.43 335.586 337.827 338.986 339.568 339.851 339.981 340.032 340.032 
293.15 297.55 302.374 308.113 315.319 324.494 335.788 347.895 352.453 354.36 355.213 355.607 355.789 355.87 355.901 355.901 
293.15 298.155 303.742 310.582 319.472 331.384 347.869 373.15 373.15 373.15 373.15 373.15 373.15 373.15 373.15 373.15 
293.15 298.627 304.798 312.433 322.381 335.475 352.387 373.15 
293.15 298.94 305.487 313.597 324.085 337.581 354.209 373.15 
293.15 299.094 305.82 314.144 324.85 338.454 354.879 373.15 
293.15 299.094 305.82 314.144 324.85 338.454 354.879 373.15 

3.8
293.15 293.15 293.15 293.15 293.15 293.15 293.15 293.15 293.15 293.15 293.15 293.15 293.15 293.15 293.15 293.15 
293.15 293.914 294.673 295.429 296.188 296.945 297.672 298.321 298.843 299.222 299.474 299.628 299.715 299.76 299.779 299.779 
293.15 294.673 296.204 297.763 299.37 301.016 302.63 304.079 305.229 306.045 306.572 306.888 307.064 307.154 307.192 307.192 
293.15 295.429 297.762 300.217 302.852 305.664 308.507 311.077 313.051 314.389 315.218 315.696 315.954 316.083 316.136 316.136 
293.15 296.187 299.367 302.85 306.779 311.183 315.821 320.066 323.098 324.995 326.093 326.693 327.004 327.155 327.215 327.215 
293.15 296.941 301.008 305.655 311.175 317.722 325.032 331.96 336.135 338.406 339.593 340.198 340.498 340.638 340.693 340.693 
293.15 297.662 302.612 308.482 315.796 325.015 336.263 348.258 352.796 354.709 355.575 355.981 356.172 356.259 356.293 356.293 
293.15 298.299 304.037 311.02 320.004 331.907 348.229 373.15 373.15 373.15 373.15 373.15 373.15 373.15 373.15 373.15 
293.15 298.796 305.139 312.926 322.959 336.012 352.722 373.15 
293.15 299.128 305.86 314.129 324.698 338.135 354.544 373.15 
293.15 299.291 306.21 314.697 325.481 339.021 355.218 373.15 
293.15 299.291 306.21 314.697 325.481 339.021 355.218 373.15 

4
293.15 293.15 293.15 293.15 293.15 293.15 293.15 293.15 293.15 293.15 293.15 293.15 293.15 293.15 293.15 293.15 
293.15 293.915 294.681 295.455 296.24 297.028 297.788 298.467 299.016 299.417 299.685 299.851 299.947 299.997 300.018 300.018 
293.15 294.681 296.232 297.828 299.487 301.194 302.869 304.373 305.57 306.425 306.983 307.321 307.512 307.611 307.652 307.652 
293.15 295.454 297.827 300.342 303.055 305.949 308.868 311.504 313.534 314.92 315.786 316.292 316.569 316.709 316.767 316.767 
293.15 296.238 299.484 303.052 307.077 311.569 316.277 320.574 323.652 325.592 326.726 327.354 327.684 327.847 327.912 327.912 
293.15 297.023 301.185 305.938 311.56 318.18 325.52 332.449 336.641 338.938 340.151 340.777 341.092 341.242 341.301 341.301 
293.15 297.776 302.847 308.839 316.248 325.5 336.701 348.592 353.108 355.027 355.905 356.322 356.522 356.614 356.65 356.65 
293.15 298.442 304.324 311.438 320.503 332.39 348.559 373.15 373.15 373.15 373.15 373.15 373.15 373.15 373.15 373.15 
293.15 298.963 305.468 313.394 323.496 336.504 353.027 373.15 
293.15 299.311 306.218 314.631 325.265 338.643 354.849 373.15 
293.15 299.482 306.583 315.218 326.065 339.539 355.526 373.15 
293.15 299.482 306.583 315.218 326.065 339.539 355.526 373.15 

4.2
293.15 293.15 293.15 293.15 293.15 293.15 293.15 293.15 293.15 293.15 293.15 293.15 293.15 293.15 293.15 293.15 
293.15 293.919 294.695 295.486 296.296 297.114 297.904 298.612 299.185 299.606 299.89 300.068 300.171 300.226 300.249 300.249 
293.15 294.695 296.27 297.903 299.611 301.374 303.104 304.659 305.899 306.791 307.377 307.736 307.941 308.049 308.094 308.094 
293.15 295.486 297.902 300.476 303.261 306.229 309.216 311.911 313.993 315.422 316.323 316.855 317.15 317.301 317.364 317.364 
293.15 296.294 299.608 303.257 307.369 311.94 316.709 321.051 324.17 326.149 327.316 327.969 328.317 328.491 328.562 328.562 
293.15 297.108 301.363 306.216 311.929 318.612 325.976 332.904 337.109 339.427 340.664 341.31 341.639 341.798 341.862 341.862 
293.15 297.891 303.079 309.183 316.675 325.953 337.106 348.899 353.395 355.318 356.206 356.634 356.841 356.938 356.976 356.976 
293.15 298.582 304.603 311.837 320.971 332.837 348.863 373.15 373.15 373.15 373.15 373.15 373.15 373.15 373.15 373.15 
293.15 299.124 305.784 313.835 323.998 336.958 353.306 373.15 
293.15 299.487 306.561 315.105 325.793 339.108 355.126 373.15 
293.15 299.667 306.94 315.707 326.607 340.013 355.805 373.15 
293.15 299.667 306.94 315.707 326.607 340.013 355.805 373.15 

4.4
293.15 293.15 293.15 293.15 293.15 293.15 293.15 293.15 293.15 293.15 293.15 293.15 293.15 293.15 293.15 293.15 
293.15 293.926 294.714 295.523 296.357 297.202 298.02 298.753 299.349 299.789 300.088 300.276 300.387 300.446 300.472 300.472 
293.15 294.714 296.314 297.984 299.74 301.554 303.335 304.935 306.216 307.14 307.753 308.132 308.351 308.467 308.516 308.516 
293.15 295.522 297.983 300.615 303.467 306.503 309.552 312.3 314.427 315.896 316.829 317.386 317.698 317.86 317.927 317.927 
293.15 296.354 299.735 303.463 307.654 312.296 317.118 321.499 324.655 326.668 327.865 328.542 328.908 329.092 329.168 329.168 
293.15 297.195 301.542 306.488 312.284 319.021 326.403 333.326 337.542 339.88 341.137 341.802 342.144 342.312 342.379 342.379 
293.15 298.004 303.306 309.514 317.08 326.378 337.483 349.183 353.659 355.584 356.482 356.919 357.133 357.235 357.276 357.276 
293.15 298.72 304.872 312.216 321.41 333.252 349.143 373.15 373.15 373.15 373.15 373.15 373.15 373.15 373.15 373.15 
293.15 299.281 306.087 314.253 324.465 337.377 353.562 373.15 
293.15 299.658 306.888 315.55 326.283 339.537 355.379 373.15 
293.15 299.844 307.28 316.167 327.109 340.448 356.06 373.15 
293.15 299.844 307.28 316.167 327.109 340.448 356.06 373.15 

4.6
293.15 293.15 293.15 293.15 293.15 293.15 293.15 293.15 293.15 293.15 293.15 293.15 293.15 293.15 293.15 293.15 
293.15 293.936 294.736 295.563 296.419 297.29 298.134 298.891 299.507 299.965 300.278 300.476 300.594 300.658 300.686 300.686 
293.15 294.736 296.364 298.071 299.871 301.733 303.56 305.202 306.519 307.474 308.112 308.509 308.741 308.865 308.918 308.918 
293.15 295.562 298.07 300.759 303.673 306.771 309.874 312.67 314.839 316.343 317.307 317.886 318.214 318.386 318.459 318.459 
293.15 296.416 299.866 303.668 307.933 312.637 317.506 321.922 325.11 327.153 328.378 329.077 329.459 329.653 329.734 329.734 
293.15 297.282 301.719 306.753 312.624 319.408 326.804 333.721 337.944 340.298 341.575 342.256 342.611 342.787 342.859 342.859 
293.15 298.116 303.527 309.832 317.464 326.775 337.833 349.446 353.902 355.83 356.736 357.181 357.403 357.509 357.552 357.552 
293.15 298.853 305.131 312.577 321.823 333.639 349.402 373.15 373.15 373.15 373.15 373.15 373.15 373.15 373.15 373.15 
293.15 299.432 306.376 314.648 324.902 337.765 353.798 373.15 
293.15 299.821 307.199 315.969 326.739 339.932 355.612 373.15 
293.15 300.014 307.602 316.599 327.576 340.85 356.294 373.15 
293.15 300.014 307.602 316.599 327.576 340.85 356.294 373.15 

4.8
293.15 293.15 293.15 293.15 293.15 293.15 293.15 293.15 293.15 293.15 293.15 293.15 293.15 293.15 293.15 293.15 
293.15 293.947 294.761 295.606 296.484 297.378 298.245 299.024 299.66 300.133 300.459 300.668 300.793 300.861 300.89 300.89 
293.15 294.761 296.418 298.162 300.004 301.91 303.779 305.458 306.808 307.792 308.453 308.867 309.111 309.243 309.3 309.3 
293.15 295.604 298.16 300.904 303.876 307.031 310.184 313.022 315.229 316.766 317.757 318.357 318.701 318.883 318.96 318.96 
293.15 296.48 299.998 303.871 308.204 312.965 317.874 322.32 325.535 327.607 328.856 329.576 329.973 330.177 330.263 330.263 
293.15 297.369 301.893 307.011 312.95 319.774 327.18 334.089 338.318 340.687 341.981 342.677 343.044 343.227 343.303 343.303 
293.15 298.225 303.741 310.137 317.827 327.149 338.16 349.691 354.128 356.056 356.97 357.423 357.651 357.761 357.806 357.806 
293.15 298.982 305.379 312.919 322.211 334 349.643 373.15 373.15 373.15 373.15 373.15 373.15 373.15 373.15 373.15 
293.15 299.577 306.652 315.02 325.311 338.125 354.016 373.15 
293.15 299.977 307.494 316.363 327.163 340.298 355.826 373.15 
293.15 300.176 307.907 317.004 328.01 341.22 356.508 373.15 
293.15 300.176 307.907 317.004 328.01 341.22 356.508 373.15 

5
293.15 293.15 293.15 293.15 293.15 293.15 293.15 293.15 293.15 293.15 293.15 293.15 293.15 293.15 293.15 293.15 
293.15 293.959 294.788 295.651 296.55 297.466 298.355 299.153 299.806 300.295 300.632 300.85 300.982 301.054 301.085 301.085 
293.15 294.788 296.476 298.256 300.138 302.084 303.99 305.704 307.085 308.094 308.776 309.207 309.463 309.602 309.662 309.662 
293.15 295.649 298.254 301.05 304.077 307.283 310.482 313.358 315.597 317.164 318.18 318.8 319.159 319.35 319.432 319.432 
293.15 296.545 300.13 304.071 308.467 313.279 318.224 322.695 325.935 328.031 329.303 330.042 330.453 330.666 330.757 330.757 
293.15 297.455 302.065 307.261 313.262 320.122 327.535 334.434 338.666 341.048 342.357 343.068 343.445 343.636 343.715 343.715 
293.15 298.332 303.949 310.429 318.172 327.5 338.466 349.919 354.337 356.266 357.186 357.646 357.88 357.995 358.042 358.042 
293.15 299.107 305.618 313.244 322.576 334.337 349.868 373.15 373.15 373.15 373.15 373.15 373.15 373.15 373.15 373.15 
293.15 299.716 306.915 315.372 325.693 338.46 354.218 373.15 
293.15 300.126 307.774 316.733 327.56 340.637 356.023 373.15 
293.15 300.33 308.196 317.385 328.415 341.562 356.706 373.15 
293.15 300.33 308.196 317.385 328.415 341.562 356.706 373.15 

5.2
293.15 293.15 293.15 293.15 293.15 293.15 293.15 293.15 293.15 293.15 293.15 293.15 293.15 293.15 293.15 293.15 
293.15 293.973 294.817 295.697 296.616 297.552 298.461 299.277 299.946 300.448 300.797 301.024 301.161 301.237 301.271 301.271 
293.15 294.816 296.536 298.351 300.27 302.254 304.195 305.94 307.348 308.381 309.082 309.529 309.795 309.941 310.005 310.005 
293.15 295.695 298.348 301.196 304.275 307.528 310.766 313.676 315.946 317.54 318.579 319.218 319.589 319.789 319.875 319.875 
293.15 296.611 300.262 304.267 308.721 313.58 318.556 323.049 326.31 328.429 329.721 330.478 330.902 331.124 331.218 331.218 
293.15 297.541 302.233 307.503 313.561 320.452 327.869 334.758 338.992 341.384 342.707 343.431 343.819 344.016 344.099 344.099 
293.15 298.435 304.149 310.708 318.499 327.831 338.753 350.132 354.531 356.461 357.386 357.853 358.092 358.211 358.259 358.259 
293.15 299.226 305.845 313.553 322.92 334.653 350.077 373.15 373.15 373.15 373.15 373.15 373.15 373.15 373.15 373.15 
293.15 299.848 307.164 315.703 326.051 338.771 354.405 373.15 
293.15 300.268 308.039 317.081 327.93 340.951 356.206 373.15 
293.15 300.476 308.468 317.742 328.791 341.88 356.888 373.15 
293.15 300.476 308.468 317.742 328.791 341.88 356.888 373.15 

5.4
293.15 293.15 293.15 293.15 293.15 293.15 293.15 293.15 293.15 293.15 293.15 293.15 293.15 293.15 293.15 293.15 
293.15 293.987 294.846 295.744 296.682 297.637 298.564 299.397 300.08 300.595 300.954 301.188 301.332 301.412 301.447 301.447 
293.15 294.846 296.598 298.446 300.401 302.419 304.393 306.165 307.598 308.652 309.372 309.832 310.11 310.263 310.33 310.33 
293.15 295.742 298.444 301.341 304.468 307.764 311.039 313.979 316.276 317.894 318.954 319.61 319.994 320.202 320.293 320.293 
293.15 296.676 300.392 304.459 308.968 313.867 318.872 323.383 326.663 328.801 330.113 330.885 331.321 331.552 331.65 331.65 
293.15 297.624 302.396 307.737 313.847 320.765 328.184 335.061 339.296 341.698 343.033 343.768 344.166 344.37 344.455 344.455 
293.15 298.536 304.342 310.975 318.81 328.143 339.022 350.331 354.713 356.642 357.572 358.045 358.289 358.411 358.462 358.462 
293.15 299.341 306.063 313.846 323.245 334.949 350.272 373.15 373.15 373.15 373.15 373.15 373.15 373.15 373.15 373.15 
293.15 299.975 307.401 316.016 326.387 339.062 354.579 373.15 
293.15 300.402 308.289 317.409 328.275 341.243 356.375 373.15 
293.15 300.615 308.726 318.077 329.143 342.174 357.057 373.15 
293.15 300.615 308.726 318.077 329.143 342.174 357.057 373.15 

5.6
293.15 293.15 293.15 293.15 293.15 293.15 293.15 293.15 293.15 293.15 293.15 293.15 293.15 293.15 293.15 293.15 
293.15 294.002 294.877 295.792 296.747 297.72 298.663 299.511 300.208 300.734 301.102 301.344 301.493 301.577 301.614 301.614 
293.15 294.876 296.66 298.542 300.53 302.58 304.583 306.381 307.836 308.91 309.646 310.12 310.407 310.566 310.636 310.636 
293.15 295.79 298.539 301.484 304.656 307.992 311.3 314.267 316.588 318.228 319.307 319.979 320.375 320.591 320.685 320.685 
293.15 296.741 300.52 304.647 309.206 314.143 319.171 323.698 326.995 329.15 330.479 331.266 331.714 331.952 332.054 332.054 
293.15 297.706 302.555 307.962 314.12 321.063 328.482 335.347 339.581 341.991 343.337 344.083 344.489 344.699 344.788 344.788 
293.15 298.633 304.527 311.23 319.104 328.437 339.275 350.518 354.882 356.81 357.745 358.223 358.472 358.597 358.649 358.649 
293.15 299.451 306.27 314.123 323.55 335.227 350.455 373.15 373.15 373.15 373.15 373.15 373.15 373.15 373.15 373.15 
293.15 300.095 307.625 316.311 326.702 339.334 354.741 373.15 
293.15 300.53 308.525 317.716 328.599 341.516 356.532 373.15 
293.15 300.746 308.968 318.391 329.471 342.448 357.214 373.15 
293.15 300.746 308.968 318.391 329.471 342.448 357.214 373.15 

5.8
293.15 293.15 293.15 293.15 293.15 293.15 293.15 293.15 293.15 293.15 293.15 293.15 293.15 293.15 293.15 293.15 
293.15 294.017 294.908 295.839 296.812 297.801 298.759 299.621 300.329 300.866 301.243 301.492 301.646 301.733 301.772 301.772 
293.15 294.907 296.722 298.637 300.657 302.737 304.765 306.586 308.062 309.153 309.904 310.39 310.687 310.852 310.925 310.925 
293.15 295.837 298.634 301.625 304.839 308.211 311.549 314.54 316.883 318.542 319.639 320.325 320.733 320.956 321.054 321.054 
293.15 296.805 300.646 304.829 309.435 314.406 319.456 323.997 327.307 329.478 330.822 331.623 332.081 332.326 332.432 332.432 
293.15 297.785 302.708 308.179 314.381 321.346 328.763 335.615 339.848 342.265 343.621 344.377 344.791 345.006 345.098 345.098 
293.15 298.726 304.705 311.473 319.384 328.716 339.514 350.693 355.041 356.968 357.906 358.389 358.642 358.77 358.824 358.824 
293.15 299.556 306.467 314.387 323.839 335.488 350.627 373.15 373.15 373.15 373.15 373.15 373.15 373.15 373.15 373.15 
293.15 300.209 307.837 316.59 326.998 339.589 354.893 373.15 
293.15 300.65 308.748 318.005 328.901 341.77 356.679 373.15 
293.15 300.87 309.197 318.686 329.777 342.703 357.359 373.15 
293.15 300.87 309.197 318.686 329.777 342.703 357.359 373.15 

6
293.15 293.15 293.15 293.15 293.15 293.15 293.15 293.15 293.15 293.15 293.15 293.15 293.15 293.15 293.15 293.15 
293.15 294.032 294.939 295.887 296.875 297.88 298.852 299.725 300.445 300.991 301.376 301.632 301.79 301.88 301.921 301.921 
293.15 294.939 296.785 298.73 300.781 302.888 304.94 306.782 308.276 309.384 310.149 310.646 310.95 311.121 311.197 311.197 
293.15 295.884 298.727 301.762 305.016 308.422 311.786 314.799 317.161 318.839 319.952 320.651 321.069 321.299 321.4 321.4 
293.15 296.867 300.768 305.005 309.655 314.658 319.727 324.279 327.601 329.786 331.144 331.957 332.425 332.677 332.786 332.786 
293.15 297.862 302.857 308.387 314.631 321.614 329.029 335.868 340.099 342.521 343.886 344.651 345.072 345.293 345.387 345.387 
293.15 298.816 304.875 311.706 319.649 328.979 339.738 350.858 355.189 357.114 358.056 358.544 358.801 358.932 358.987 358.987 
293.15 299.656 306.655 314.636 324.111 335.734 350.788 373.15 373.15 373.15 373.15 373.15 373.15 373.15 373.15 373.15 
293.15 300.318 308.039 316.852 327.276 339.827 355.034 373.15 
293.15 300.764 308.959 318.277 329.185 342.007 356.815 373.15 
293.15 300.987 309.412 318.963 330.064 342.941 357.494 373.15 
293.15 300.987 309.412 318.963 330.064 342.941 357.494 373.15 

6.2
293.15 293.15 293.15 293.15 293.15 293.15 293.15 293.15 293.15 293.15 293.15 293.15 293.15 293.15 293.15 293.15 
293.15 294.048 294.97 295.933 296.937 297.956 298.94 299.825 300.555 301.11 301.502 301.763 301.927 302.019 302.061 302.061 
293.15 294.97 296.847 298.823 300.901 303.033 305.108 306.969 308.479 309.601 310.379 310.887 311.199 311.375 311.453 311.453 
293.15 295.93 298.819 301.897 305.188 308.625 312.013 315.046 317.425 319.118 320.245 320.957 321.384 321.621 321.725 321.725 
293.15 296.928 300.888 305.176 309.867 314.898 319.984 324.545 327.878 330.075 331.445 332.27 332.747 333.005 333.117 333.117 
293.15 297.937 303 308.587 314.87 321.87 329.281 336.107 340.335 342.761 344.134 344.907 345.335 345.561 345.657 345.657 
293.15 298.902 305.038 311.927 319.901 329.227 339.95 351.013 355.329 357.252 358.196 358.688 358.948 359.082 359.138 359.138 
293.15 299.752 306.833 314.872 324.368 335.966 350.94 373.15 373.15 373.15 373.15 373.15 373.15 373.15 373.15 373.15 
293.15 300.42 308.229 317.1 327.538 340.05 355.167 373.15 
293.15 300.872 309.157 318.533 329.45 342.228 356.942 373.15 
293.15 301.097 309.614 319.223 330.332 343.163 357.62 373.15 
293.15 301.097 309.614 319.223 330.332 343.163 357.62 373.15 

6.4
293.15 293.15 293.15 293.15 293.15 293.15 293.15 293.15 293.15 293.15 293.15 293.15 293.15 293.15 293.15 293.15 
293.15 294.063 295.001 295.979 296.997 298.029 299.026 299.921 300.659 301.222 301.621 301.888 302.055 302.151 302.194 302.194 
293.15 295 296.908 298.913 301.018 303.174 305.268 307.146 308.671 309.807 310.596 311.113 311.433 311.614 311.695 311.695 
293.15 295.976 298.909 302.027 305.354 308.82 312.23 315.279 317.673 319.382 320.522 321.245 321.681 321.923 322.03 322.03 
293.15 296.988 301.004 305.341 310.071 315.128 320.228 324.798 328.14 330.347 331.728 332.563 333.049 333.312 333.428 333.428 
293.15 298.009 303.139 308.779 315.098 322.112 329.519 336.332 340.556 342.986 344.366 345.146 345.581 345.811 345.91 345.91 
293.15 298.984 305.194 312.138 320.14 329.463 340.15 351.159 355.459 357.38 358.327 358.822 359.086 359.222 359.28 359.28 
293.15 299.843 307.003 315.096 324.611 336.184 351.082 373.15 373.15 373.15 373.15 373.15 373.15 373.15 373.15 373.15 
293.15 300.518 308.409 317.333 327.784 340.26 355.291 373.15 
293.15 300.974 309.344 318.773 329.699 342.435 357.061 373.15 
293.15 301.201 309.805 319.466 330.584 343.37 357.738 373.15 
293.15 301.201 309.805 319.466 330.584 343.37 357.738 373.15 

6.6
293.15 293.15 293.15 293.15 293.15 293.15 293.15 293.15 293.15 293.15 293.15 293.15 293.15 293.15 293.15 293.15 
293.15 294.079 295.031 296.024 297.056 298.1 299.107 300.012 300.758 301.328 301.733 302.005 302.176 302.274 302.319 302.319 
293.15 295.031 296.968 299.001 301.131 303.309 305.422 307.315 308.853 310.001 310.801 311.327 311.653 311.838 311.922 311.922 
293.15 296.021 298.996 302.154 305.514 309.006 312.436 315.501 317.909 319.63 320.782 321.515 321.959 322.207 322.317 322.317 
293.15 297.046 301.116 305.5 310.267 315.348 320.46 325.036 328.386 330.602 331.994 332.838 333.331 333.6 333.718 333.718 
293.15 298.078 303.271 308.963 315.315 322.343 329.745 336.545 340.765 343.198 344.583 345.37 345.811 346.045 346.146 346.146 
293.15 299.063 305.343 312.339 320.368 329.685 340.338 351.296 355.582 357.501 358.45 358.948 359.215 359.353 359.412 359.412 
293.15 299.929 307.164 315.308 324.841 336.389 351.216 373.15 373.15 373.15 373.15 373.15 373.15 373.15 373.15 373.15 
293.15 300.61 308.579 317.553 328.015 340.457 355.408 373.15 
293.15 301.07 309.52 318.999 329.933 342.63 357.172 373.15 
293.15 301.299 309.985 319.696 330.819 343.564 357.848 373.15 
293.15 301.299 309.985 319.696 330.819 343.564 357.848 373.15 

6.8
293.15 293.15 293.15 293.15 293.15 293.15 293.15 293.15 293.15 293.15 293.15 293.15 293.15 293.15 293.15 293.15 
293.15 294.094 295.061 296.068 297.113 298.168 299.185 300.098 300.852 301.428 301.839 302.115 302.29 302.391 302.436 302.436 
293.15 295.06 297.027 299.086 301.241 303.439 305.569 307.476 309.026 310.185 310.994 311.528 311.86 312.05 312.135 312.135 
293.15 296.064 299.081 302.277 305.669 309.185 312.633 315.711 318.131 319.863 321.026 321.769 322.221 322.473 322.586 322.586 
293.15 297.102 301.224 305.654 310.454 315.557 320.68 325.262 328.618 330.842 332.243 333.096 333.596 333.87 333.991 333.991 
293.15 298.145 303.399 309.139 315.523 322.562 329.959 336.745 340.961 343.396 344.787 345.58 346.026 346.264 346.367 346.367 
293.15 299.139 305.485 312.53 320.583 329.896 340.517 351.426 355.697 357.614 358.564 359.065 359.335 359.475 359.535 359.535 
293.15 300.012 307.317 315.509 325.058 336.583 351.343 373.15 373.15 373.15 373.15 373.15 373.15 373.15 373.15 373.15 
293.15 300.697 308.74 317.761 328.233 340.642 355.517 373.15 
293.15 301.161 309.687 319.212 330.153 342.812 357.276 373.15 
293.15 301.392 310.154 319.911 331.04 343.745 357.95 373.15 
293.15 301.392 310.154 319.911 331.04 343.745 357.95 373.15 

7
293.15 293.15 293.15 293.15 293.15 293.15 293.15 293.15 293.15 293.15 293.15 293.15 293.15 293.15 293.15 293.15 
293.15 294.108 295.09 296.111 297.167 298.234 299.26 300.18 300.941 301.523 301.939 302.219 302.397 302.5 302.547 302.547 
293.15 295.089 297.084 299.169 301.347 303.564 305.709 307.628 309.189 310.358 311.175 311.717 312.055 312.248 312.336 312.336 
293.15 296.107 299.164 302.395 305.817 309.356 312.82 315.91 318.341 320.084 321.256 322.008 322.466 322.724 322.839 322.839 
293.15 297.156 301.329 305.801 310.634 315.757 320.89 325.476 328.837 331.068 332.477 333.337 333.844 334.123 334.246 334.246 
293.15 298.209 303.521 309.307 315.72 322.771 330.162 336.935 341.146 343.582 344.978 345.776 346.227 346.468 346.573 346.573 
293.15 299.211 305.621 312.712 320.788 330.096 340.685 351.548 355.806 357.72 358.672 359.175 359.448 359.59 359.651 359.651 
293.15 300.09 307.462 315.7 325.263 336.766 351.462 373.15 373.15 373.15 373.15 373.15 373.15 373.15 373.15 373.15 
293.15 300.78 308.892 317.957 328.438 340.816 355.62 373.15 
293.15 301.246 309.843 319.412 330.359 342.982 357.373 373.15 
293.15 301.479 310.313 320.113 331.247 343.915 358.046 373.15 
293.15 301.479 310.313 320.113 331.247 343.915 358.046 373.15 

7.2
293.15 293.15 293.15 293.15 293.15 293.15 293.15 293.15 293.15 293.15 293.15 293.15 293.15 293.15 293.15 293.15 
293.15 294.123 295.119 296.152 297.221 298.297 299.331 300.259 301.025 301.612 302.033 302.317 302.498 302.603 302.651 302.651 
293.15 295.118 297.139 299.25 301.449 303.683 305.842 307.773 309.344 310.521 311.347 311.895 312.238 312.435 312.524 312.524 
293.15 296.148 299.244 302.51 305.959 309.519 312.998 316.099 318.539 320.291 321.473 322.232 322.696 322.958 323.076 323.076 
293.15 297.209 301.43 305.943 310.805 315.947 321.089 325.678 329.043 331.281 332.697 333.564 334.077 334.36 334.485 334.485 
293.15 298.271 303.638 309.468 315.909 322.969 330.354 337.114 341.32 343.757 345.157 345.96 346.415 346.66 346.766 346.766 
293.15 299.28 305.75 312.885 320.982 330.286 340.845 351.664 355.908 357.819 358.772 359.278 359.553 359.697 359.759 359.759 
293.15 300.164 307.6 315.88 325.457 336.939 351.575 373.15 373.15 373.15 373.15 373.15 373.15 373.15 373.15 373.15 
293.15 300.858 309.036 318.142 328.632 340.98 355.717 373.15 
293.15 301.327 309.991 319.6 330.552 343.142 357.465 373.15 
293.15 301.561 310.462 320.303 331.441 344.074 358.136 373.15 
293.15 301.561 310.462 320.303 331.441 344.074 358.136 373.15 

7.4
293.15 293.15 293.15 293.15 293.15 293.15 293.15 293.15 293.15 293.15 293.15 293.15 293.15 293.15 293.15 293.15 
293.15 294.137 295.147 296.193 297.272 298.358 299.399 300.333 301.105 301.697 302.122 302.41 302.593 302.7 302.748 302.748 
293.15 295.145 297.193 299.327 301.547 303.798 305.969 307.91 309.49 310.675 311.508 312.062 312.41 312.61 312.701 312.701 
293.15 296.188 299.321 302.62 306.096 309.675 313.168 316.279 318.727 320.487 321.676 322.442 322.913 323.179 323.298 323.298 
293.15 297.259 301.527 306.078 310.969 316.128 321.278 325.87 329.238 331.481 332.903 333.777 334.295 334.582 334.709 334.709 
293.15 298.33 303.75 309.622 316.088 323.157 330.536 337.283 341.484 343.922 345.325 346.132 346.592 346.839 346.947 346.947 
293.15 299.346 305.873 313.049 321.167 330.465 340.996 351.773 356.005 357.913 358.867 359.375 359.651 359.797 359.86 359.86 
293.15 300.234 307.73 316.051 325.64 337.102 351.681 373.15 373.15 373.15 373.15 373.15 373.15 373.15 373.15 373.15 
293.15 300.932 309.171 318.317 328.814 341.134 355.808 373.15 
293.15 301.403 310.13 319.777 330.735 343.293 357.551 373.15 
293.15 301.638 310.603 320.482 331.623 344.223 358.22 373.15 
293.15 301.638 310.603 320.482 331.623 344.223 358.22 373.15 

7.6
293.15 293.15 293.15 293.15 293.15 293.15 293.15 293.15 293.15 293.15 293.15 293.15 293.15 293.15 293.15 293.15 
293.15 294.151 295.173 296.231 297.321 298.415 299.464 300.404 301.181 301.777 302.205 302.496 302.683 302.791 302.84 302.84 
293.15 295.172 297.245 299.402 301.641 303.907 306.091 308.041 309.629 310.82 311.66 312.219 312.572 312.775 312.867 312.867 
293.15 296.226 299.396 302.726 306.227 309.825 313.329 316.449 318.904 320.671 321.868 322.64 323.116 323.385 323.507 323.507 
293.15 297.308 301.62 306.208 311.126 316.301 321.457 326.051 329.422 331.67 333.098 333.977 334.5 334.79 334.919 334.919 
293.15 298.387 303.857 309.768 316.26 323.336 330.709 337.444 341.639 344.077 345.483 346.294 346.757 347.007 347.117 347.117 
293.15 299.408 305.99 313.206 321.342 330.636 341.139 351.876 356.096 358.001 358.955 359.465 359.744 359.891 359.954 359.954 
293.15 300.301 307.854 316.213 325.814 337.257 351.781 373.15 373.15 373.15 373.15 373.15 373.15 373.15 373.15 373.15 
293.15 301.002 309.299 318.482 328.986 341.279 355.893 373.15 
293.15 301.475 310.261 319.944 330.906 343.434 357.631 373.15 
293.15 301.711 310.736 320.65 331.795 344.363 358.299 373.15 
293.15 301.711 310.736 320.65 331.795 344.363 358.299 373.15 

7.8
293.15 293.15 293.15 293.15 293.15 293.15 293.15 293.15 293.15 293.15 293.15 293.15 293.15 293.15 293.15 293.15 
293.15 294.164 295.199 296.269 297.368 298.471 299.526 300.471 301.252 301.852 302.284 302.578 302.766 302.876 302.927 302.927 
293.15 295.198 297.296 299.474 301.731 304.012 306.206 308.165 309.759 310.958 311.802 312.367 312.724 312.93 313.024 313.024 
293.15 296.264 299.468 302.827 306.352 309.967 313.483 316.61 319.072 320.845 322.048 322.826 323.306 323.579 323.702 323.702 
293.15 297.354 301.709 306.333 311.276 316.466 321.628 326.223 329.596 331.847 333.28 334.164 334.692 334.986 335.116 335.116 
293.15 298.441 303.96 309.908 316.423 323.507 330.873 337.595 341.785 344.223 345.631 346.446 346.912 347.165 347.276 347.276 
293.15 299.468 306.101 313.355 321.508 330.797 341.274 351.974 356.181 358.083 359.039 359.55 359.83 359.978 360.043 360.043 
293.15 300.365 307.971 316.366 325.978 337.403 351.876 373.15 373.15 373.15 373.15 373.15 373.15 373.15 373.15 373.15 
293.15 301.068 309.421 318.637 329.148 341.416 355.974 373.15 
293.15 301.543 310.385 320.101 331.067 343.567 357.707 373.15 
293.15 301.78 310.861 320.808 331.956 344.495 358.373 373.15 
293.15 301.78 310.861 320.808 331.956 344.495 358.373 373.15 

8
293.15 293.15 293.15 293.15 293.15 293.15 293.15 293.15 293.15 293.15 293.15 293.15 293.15 293.15 293.15 293.15 
293.15 294.177 295.224 296.305 297.414 298.524 299.585 300.535 301.32 301.923 302.358 302.655 302.845 302.957 303.008 303.008 
293.15 295.223 297.344 299.544 301.818 304.112 306.316 308.282 309.883 311.087 311.937 312.506 312.867 313.075 313.17 313.17 
293.15 296.299 299.537 302.925 306.473 310.103 313.629 316.762 319.23 321.009 322.217 323.001 323.485 323.762 323.886 323.886 
293.15 297.399 301.795 306.452 311.419 316.623 321.79 326.386 329.76 332.015 333.452 334.341 334.872 335.169 335.301 335.301 
293.15 298.492 304.058 310.042 316.578 323.668 331.028 337.739 341.922 344.36 345.77 346.588 347.057 347.313 347.425 347.425 
293.15 299.524 306.207 313.496 321.666 330.95 341.402 352.066 356.262 358.161 359.117 359.629 359.911 360.061 360.125 360.125 
293.15 300.425 308.083 316.511 326.133 337.541 351.966 373.15 373.15 373.15 373.15 373.15 373.15 373.15 373.15 373.15 
293.15 301.13 309.535 318.784 329.301 341.545 356.05 373.15 
293.15 301.607 310.501 320.25 331.219 343.693 357.778 373.15 
293.15 301.844 310.978 320.957 332.107 344.619 358.443 373.15 
293.15 301.844 310.978 320.957 332.107 344.619 358.443 373.15 

8.2
293.15 293.15 293.15 293.15 293.15 293.15 293.15 293.15 293.15 293.15 293.15 293.15 293.15 293.15 293.15 293.15 
293.15 294.189 295.248 296.339 297.457 298.574 299.641 300.595 301.384 301.99 302.428 302.727 302.92 303.032 303.084 303.084 
293.15 295.247 297.391 299.61 301.901 304.207 306.421 308.394 310 311.209 312.064 312.637 313.001 313.212 313.308 313.308 
293.15 296.334 299.603 303.019 306.587 310.232 313.768 316.907 319.38 321.164 322.377 323.165 323.654 323.933 324.059 324.059 
293.15 297.442 301.876 306.566 311.556 316.772 321.944 326.54 329.915 332.172 333.613 334.506 335.041 335.341 335.474 335.474 
293.15 298.542 304.151 310.169 316.725 323.822 331.176 337.874 342.053 344.489 345.901 346.722 347.194 347.451 347.564 347.564 
293.15 299.578 306.308 313.63 321.816 331.095 341.524 352.153 356.338 358.235 359.19 359.704 359.987 360.138 360.203 360.203 
293.15 300.482 308.188 316.648 326.28 337.671 352.051 373.15 373.15 373.15 373.15 373.15 373.15 373.15 373.15 373.15 
293.15 301.189 309.643 318.923 329.445 341.667 356.122 373.15 
293.15 301.667 310.611 320.389 331.362 343.81 357.845 373.15 
293.15 301.905 311.089 321.097 332.249 344.735 358.509 373.15 
293.15 301.905 311.089 321.097 332.249 344.735 358.509 373.15 

8.4
293.15 293.15 293.15 293.15 293.15 293.15 293.15 293.15 293.15 293.15 293.15 293.15 293.15 293.15 293.15 293.15 
293.15 294.201 295.272 296.373 297.499 298.623 299.695 300.652 301.444 302.054 302.494 302.795 302.989 303.103 303.156 303.156 
293.15 295.27 297.436 299.674 301.98 304.299 306.52 308.499 310.111 311.324 312.183 312.76 313.127 313.34 313.437 313.437 
293.15 296.367 299.667 303.108 306.697 310.356 313.899 317.044 319.521 321.309 322.527 323.319 323.811 324.093 324.22 324.22 
293.15 297.483 301.955 306.675 311.686 316.914 322.09 326.686 330.061 332.321 333.765 334.661 335.2 335.502 335.636 335.636 
293.15 298.589 304.24 310.29 316.866 323.968 331.316 338.003 342.175 344.611 346.024 346.847 347.322 347.581 347.695 347.695 
293.15 299.63 306.404 313.758 321.958 331.232 341.639 352.236 356.41 358.304 359.259 359.774 360.058 360.21 360.276 360.276 
293.15 300.536 308.288 316.778 326.419 337.795 352.131 373.15 373.15 373.15 373.15 373.15 373.15 373.15 373.15 373.15 
293.15 301.245 309.746 319.054 329.582 341.782 356.19 373.15 
293.15 301.724 310.715 320.521 331.497 343.921 357.909 373.15 
293.15 301.963 311.193 321.229 332.384 344.844 358.57 373.15 
293.15 301.963 311.193 321.229 332.384 344.844 358.57 373.15 

8.6
293.15 293.15 293.15 293.15 293.15 293.15 293.15 293.15 293.15 293.15 293.15 293.15 293.15 293.15 293.15 293.15 
293.15 294.213 295.294 296.405 297.539 298.669 299.745 300.707 301.502 302.113 302.556 302.859 303.055 303.17 303.223 303.223 
293.15 295.293 297.479 299.735 302.056 304.385 306.615 308.6 310.215 311.433 312.295 312.876 313.245 313.46 313.559 313.559 
293.15 296.398 299.728 303.194 306.802 310.473 314.025 317.174 319.655 321.447 322.668 323.464 323.96 324.244 324.372 324.372 
293.15 297.522 302.03 306.779 311.81 317.049 322.228 326.824 330.199 332.46 333.908 334.807 335.349 335.653 335.789 335.789 
293.15 298.634 304.325 310.405 316.999 324.106 331.448 338.124 342.291 344.726 346.14 346.965 347.442 347.702 347.817 347.817 
293.15 299.678 306.495 313.879 322.093 331.363 341.748 352.314 356.478 358.369 359.324 359.84 360.125 360.277 360.344 360.344 
293.15 300.587 308.383 316.901 326.551 337.911 352.207 373.15 373.15 373.15 373.15 373.15 373.15 373.15 373.15 373.15 
293.15 301.298 309.842 319.178 329.71 341.891 356.254 373.15 
293.15 301.777 310.813 320.645 331.623 344.026 357.968 373.15 
293.15 302.017 311.292 321.353 332.51 344.947 358.628 373.15 
293.15 302.017 311.292 321.353 332.51 344.947 358.628 373.15 

8.8
293.15 293.15 293.15 293.15 293.15 293.15 293.15 293.15 293.15 293.15 293.15 293.15 293.15 293.15 293.15 293.15 
293.15 294.224 295.315 296.435 297.577 298.713 299.794 300.758 301.556 302.17 302.614 302.919 303.116 303.233 303.286 303.286 
293.15 295.314 297.52 299.794 302.128 304.468 306.705 308.694 310.314 311.535 312.401 312.984 313.356 313.573 313.673 313.673 
293.15 296.429 299.786 303.276 306.901 310.585 314.144 317.297 319.781 321.576 322.801 323.601 324.099 324.385 324.515 324.515 
293.15 297.56 302.101 306.878 311.928 317.177 322.36 326.954 330.33 332.592 334.042 334.945 335.489 335.795 335.932 335.932 
293.15 298.677 304.405 310.515 317.126 324.238 331.574 338.239 342.401 344.834 346.249 347.076 347.554 347.816 347.932 347.932 
293.15 299.725 306.581 313.994 322.221 331.486 341.851 352.388 356.542 358.43 359.385 359.901 360.188 360.341 360.408 360.408 
293.15 300.636 308.472 317.018 326.676 338.022 352.278 373.15 373.15 373.15 373.15 373.15 373.15 373.15 373.15 373.15 
293.15 301.348 309.934 319.295 329.832 341.993 356.314 373.15 
293.15 301.828 310.905 320.762 331.743 344.124 358.024 373.15 
293.15 302.068 311.384 321.47 332.629 345.044 358.683 373.15 
293.15 302.068 311.384 321.47 332.629 345.044 358.683 373.15 

9
293.15 293.15 293.15 293.15 293.15 293.15 293.15 293.15 293.15 293.15 293.15 293.15 293.15 293.15 293.15 293.15 
293.15 294.234 295.336 296.464 297.613 298.755 299.84 300.807 301.607 302.223 302.669 302.976 303.174 303.291 303.345 303.345 
293.15 295.334 297.56 299.85 302.198 304.547 306.79 308.784 310.408 311.632 312.501 313.087 313.461 313.679 313.78 313.78 
293.15 296.458 299.842 303.354 306.997 310.692 314.257 317.414 319.9 321.698 322.926 323.729 324.23 324.518 324.648 324.648 
293.15 297.596 302.17 306.972 312.041 317.3 322.484 327.078 330.453 332.717 334.168 335.074 335.62 335.928 336.066 336.066 
293.15 298.717 304.482 310.62 317.247 324.363 331.693 338.348 342.504 344.935 346.351 347.18 347.66 347.923 348.04 348.04 
293.15 299.769 306.664 314.103 322.342 331.604 341.949 352.458 356.603 358.487 359.442 359.959 360.246 360.4 360.468 360.468 
293.15 300.682 308.557 317.129 326.794 338.127 352.346 373.15 373.15 373.15 373.15 373.15 373.15 373.15 373.15 373.15 
293.15 301.395 310.02 319.405 329.947 342.09 356.371 373.15 
293.15 301.876 310.992 320.872 331.856 344.217 358.077 373.15 
293.15 302.116 311.472 321.58 332.74 345.135 358.734 373.15 
293.15 302.116 311.472 321.58 332.74 345.135 358.734 373.15 

9.2
293.15 293.15 293.15 293.15 293.15 293.15 293.15 293.15 293.15 293.15 293.15 293.15 293.15 293.15 293.15 293.15 
293.15 294.245 295.356 296.493 297.648 298.795 299.883 300.853 301.655 302.273 302.721 303.029 303.229 303.347 303.401 303.401 
293.15 295.354 297.598 299.904 302.264 304.622 306.871 308.87 310.496 311.723 312.595 313.183 313.559 313.779 313.88 313.88 
293.15 296.486 299.895 303.429 307.088 310.793 314.364 317.524 320.013 321.814 323.044 323.849 324.353 324.642 324.774 324.774 
293.15 297.63 302.235 307.062 312.148 317.416 322.603 327.195 330.57 332.834 334.287 335.195 335.743 336.053 336.192 336.192 
293.15 298.756 304.556 310.719 317.362 324.482 331.806 338.451 342.602 345.031 346.448 347.278 347.759 348.024 348.141 348.141 
293.15 299.811 306.742 314.207 322.457 331.715 342.041 352.524 356.66 358.542 359.496 360.014 360.302 360.456 360.524 360.524 
293.15 300.725 308.638 317.233 326.905 338.226 352.41 373.15 373.15 373.15 373.15 373.15 373.15 373.15 373.15 373.15 
293.15 301.44 310.102 319.51 330.055 342.181 356.425 373.15 
293.15 301.921 311.074 320.976 331.962 344.304 358.127 373.15 
293.15 302.161 311.554 321.684 332.846 345.221 358.782 373.15 
293.15 302.161 311.554 321.684 332.846 345.221 358.782 373.15 

9.4
293.15 293.15 293.15 293.15 293.15 293.15 293.15 293.15 293.15 293.15 293.15 293.15 293.15 293.15 293.15 293.15 
293.15 294.254 295.375 296.519 297.681 298.833 299.925 300.897 301.701 302.321 302.77 303.079 303.28 303.398 303.453 303.453 
293.15 295.373 297.634 299.955 302.327 304.694 306.948 308.95 310.58 311.809 312.683 313.273 313.651 313.873 313.974 313.974 
293.15 296.512 299.946 303.5 307.174 310.89 314.466 317.629 320.119 321.922 323.155 323.963 324.468 324.759 324.892 324.892 
293.15 297.663 302.297 307.148 312.25 317.526 322.715 327.306 330.68 332.944 334.399 335.309 335.859 336.17 336.31 336.31 
293.15 298.793 304.625 310.814 317.471 324.595 331.913 338.549 342.694 345.122 346.538 347.369 347.852 348.118 348.236 348.236 
293.15 299.85 306.816 314.305 322.566 331.82 342.129 352.587 356.714 358.593 359.547 360.065 360.353 360.509 360.577 360.577 
293.15 300.767 308.714 317.332 327.011 338.319 352.471 373.15 373.15 373.15 373.15 373.15 373.15 373.15 373.15 373.15 
293.15 301.482 310.179 319.609 330.157 342.267 356.476 373.15 
293.15 301.963 311.151 321.074 332.063 344.387 358.173 373.15 
293.15 302.204 311.631 321.782 332.945 345.302 358.828 373.15 
293.15 302.204 311.631 321.782 332.945 345.302 358.828 373.15 

9.6
293.15 293.15 293.15 293.15 293.15 293.15 293.15 293.15 293.15 293.15 293.15 293.15 293.15 293.15 293.15 293.15 
293.15 294.264 295.393 296.545 297.713 298.869 299.964 300.939 301.744 302.365 302.816 303.126 303.328 303.447 303.502 303.502 
293.15 295.391 297.668 300.004 302.387 304.762 307.022 309.027 310.659 311.89 312.766 313.358 313.738 313.961 314.063 314.063 
293.15 296.537 299.995 303.568 307.256 310.981 314.563 317.728 320.22 322.025 323.26 324.069 324.576 324.869 325.002 325.002 
293.15 297.694 302.356 307.23 312.347 317.631 322.822 327.412 330.784 333.049 334.505 335.416 335.968 336.28 336.42 336.42 
293.15 298.828 304.692 310.903 317.575 324.701 332.015 338.641 342.781 345.207 346.624 347.456 347.94 348.207 348.325 348.325 
293.15 299.888 306.886 314.399 322.67 331.92 342.212 352.646 356.765 358.641 359.595 360.113 360.402 360.558 360.626 360.626 
293.15 300.806 308.786 317.426 327.111 338.408 352.529 373.15 373.15 373.15 373.15 373.15 373.15 373.15 373.15 373.15 
293.15 301.522 310.252 319.702 330.254 342.349 356.524 373.15 
293.15 302.004 311.225 321.167 332.157 344.465 358.218 373.15 
293.15 302.244 311.705 321.874 333.039 345.379 358.871 373.15 
293.15 302.244 311.705 321.874 333.039 345.379 358.871 373.15 

9.8
293.15 293.15 293.15 293.15 293.15 293.15 293.15 293.15 293.15 293.15 293.15 293.15 293.15 293.15 293.15 293.15 
293.15 294.272 295.41 296.569 297.743 298.903 300.001 300.978 301.785 302.407 302.859 303.171 303.373 303.493 303.548 303.548 
293.15 295.408 297.701 300.05 302.444 304.826 307.091 309.1 310.733 311.967 312.844 313.439 313.82 314.043 314.146 314.146 
293.15 296.562 300.041 303.633 307.335 311.068 314.654 317.822 320.315 322.121 323.358 324.17 324.678 324.972 325.106 325.106 
293.15 297.723 302.413 307.308 312.439 317.731 322.923 327.511 330.882 333.147 334.604 335.516 336.07 336.383 336.524 336.524 
293.15 298.862 304.755 310.989 317.673 324.803 332.111 338.729 342.864 345.288 346.704 347.537 348.022 348.29 348.408 348.408 
293.15 299.924 306.953 314.487 322.768 332.015 342.291 352.702 356.813 358.687 359.64 360.158 360.448 360.604 360.672 360.672 
293.15 300.843 308.854 317.515 327.206 338.492 352.583 373.15 373.15 373.15 373.15 373.15 373.15 373.15 373.15 373.15 
293.15 301.559 310.32 319.79 330.346 342.426 356.569 373.15 
293.15 302.042 311.294 321.255 332.247 344.538 358.26 373.15 
293.15 302.282 311.774 321.961 333.127 345.451 358.911 373.15 
293.15 302.282 311.774 321.961 333.127 345.451 358.911 373.15 

10
293.15 293.15 293.15 293.15 293.15 293.15 293.15 293.15 293.15 293.15 293.15 293.15 293.15 293.15 293.15 293.15 
293.15 294.281 295.426 296.593 297.772 298.936 300.037 301.016 301.824 302.447 302.9 303.212 303.415 303.536 303.592 303.592 
293.15 295.424 297.733 300.095 302.498 304.888 307.157 309.168 310.804 312.039 312.918 313.514 313.896 314.121 314.224 314.224 
293.15 296.585 300.085 303.695 307.41 311.151 314.741 317.911 320.405 322.212 323.451 324.264 324.774 325.069 325.203 325.203 
293.15 297.752 302.466 307.382 312.527 317.825 323.019 327.605 330.975 333.24 334.697 335.611 336.166 336.48 336.622 336.622 
293.15 298.894 304.815 311.07 317.767 324.899 332.202 338.811 342.941 345.363 346.78 347.613 348.099 348.367 348.487 348.487 
293.15 299.958 307.016 314.571 322.862 332.104 342.366 352.755 356.858 358.73 359.682 360.201 360.491 360.647 360.716 360.716 
293.15 300.878 308.919 317.599 327.296 338.571 352.635 373.15 373.15 373.15 373.15 373.15 373.15 373.15 373.15 373.15 
293.15 301.595 310.386 319.873 330.432 342.499 356.612 373.15 
293.15 302.077 311.359 321.337 332.331 344.608 358.299 373.15 
293.15 302.318 311.839 322.043 333.211 345.519 358.949 373.15 
293.15 302.318 311.839 322.043 333.211 345.519 358.949 373.15 

