20 20 20 20 20 20 20 20 20 20 20 20 20 20 20 20 
20 25.7111 31.4282 37.134 42.7647 48.1916 53.2195 57.622 61.2244 63.9894 65.9981 67.3871 68.2959 68.838 69.0899 69.0899 
20 31.4162 42.8677 54.3431 65.7332 76.7823 87.0644 96.044 103.286 108.735 112.616 115.254 116.959 117.966 118.432 118.432 
20 37.0859 54.2835 71.6373 89.0427 106.14 122.212 136.203 147.141 155.049 160.475 164.056 166.318 167.636 168.239 168.239 
20 42.644 65.5429 88.8801 112.66 136.523 159.439 179.416 194.027 203.843 210.181 214.177 216.623 218.018 218.651 218.651 
20 47.9471 76.3641 105.68 136.196 167.853 199.607 227.994 245.708 256.116 262.228 265.848 267.978 269.164 269.695 269.695 
20 52.7805 86.2864 121.279 158.59 199.084 243.142 287.246 304.697 312.683 316.768 319.011 320.276 320.965 321.27 321.27 
20 56.8883 94.7219 134.561 177.8 226.753 286.63 373.15 373.15 373.15 373.15 373.15 373.15 373.15 373.15 373.15 
20 60.0506 101.152 144.445 191.295 243.499 303.474 373.15 
20 62.1628 105.389 150.771 199.435 252.475 310.618 373.15 
20 63.2114 107.471 153.814 203.199 256.349 313.372 373.15 
20 63.2114 107.471 153.814 203.199 256.349 313.372 373.15 
